4560000
