4088000
